0 1
0 64
0 58
0 13
0 14
0 9
0 2
0 11
0 6
0 44
0 43
0 32
0 49
0 12
0 16
0 18
1 0
1 2
1 55
1 22
1 60
1 6
1 9
1 11
1 3
1 27
1 23
1 47
1 24
1 14
1 5
1 16
1 46
2 1
2 3
2 7
2 66
2 69
2 18
2 0
2 46
2 27
2 8
2 5
2 17
2 13
2 52
2 6
2 58
2 11
3 2
3 4
3 25
3 13
3 23
3 69
3 66
3 59
3 17
3 8
3 26
3 1
3 56
3 30
3 9
3 14
4 3
4 5
4 8
4 35
4 9
4 41
4 28
4 37
4 10
4 40
4 19
4 26
5 4
5 6
5 46
5 34
5 40
5 66
5 15
5 63
5 2
5 18
5 1
5 16
6 5
6 7
6 15
6 10
6 1
6 38
6 44
6 0
6 54
6 2
7 6
7 8
7 54
7 12
7 56
7 53
7 2
7 61
7 15
7 22
8 7
8 9
8 4
8 48
8 43
8 27
8 3
8 40
8 58
8 67
8 35
8 38
8 2
8 56
8 30
9 8
9 10
9 27
9 1
9 4
9 42
9 0
9 14
9 48
9 54
9 45
9 46
9 23
9 19
9 3
10 9
10 11
10 6
10 22
10 33
10 47
10 14
10 63
10 28
10 4
11 10
11 12
11 26
11 18
11 41
11 1
11 0
11 39
11 14
11 2
12 11
12 13
12 7
12 67
12 23
12 59
12 15
12 28
12 22
12 30
12 0
12 38
13 12
13 14
13 0
13 3
13 41
13 20
13 39
13 62
13 25
13 37
13 2
14 13
14 15
14 10
14 0
14 9
14 11
14 1
14 19
14 3
15 14
15 16
15 45
15 6
15 36
15 5
15 38
15 7
15 23
15 12
15 41
15 19
16 15
16 17
16 63
16 45
16 23
16 21
16 0
16 1
16 5
17 16
17 18
17 41
17 3
17 51
17 65
17 29
17 2
17 21
17 28
18 17
18 19
18 66
18 54
18 36
18 11
18 2
18 23
18 34
18 5
18 0
18 22
19 18
19 20
19 34
19 9
19 42
19 4
19 45
19 15
19 14
20 19
20 21
20 33
20 27
20 55
20 13
21 20
21 22
21 33
21 23
21 42
21 16
21 24
21 17
22 21
22 23
22 1
22 10
22 29
22 39
22 12
22 7
22 28
22 18
23 22
23 24
23 3
23 12
23 45
23 21
23 18
23 16
23 15
23 59
23 1
23 9
23 64
24 23
24 25
24 56
24 1
24 50
24 41
24 59
24 21
24 26
25 24
25 26
25 38
25 3
25 61
25 64
25 13
26 25
26 27
26 11
26 31
26 37
26 55
26 3
26 24
26 4
26 48
27 26
27 28
27 9
27 20
27 8
27 1
27 42
27 36
27 2
28 27
28 29
28 33
28 4
28 10
28 12
28 22
28 17
29 28
29 30
29 22
29 17
29 44
30 29
30 31
30 33
30 3
30 12
30 39
30 63
30 8
31 30
31 32
31 26
31 51
31 62
32 31
32 33
32 0
33 32
33 34
33 30
33 20
33 10
33 28
33 60
33 21
33 69
33 41
34 33
34 35
34 19
34 45
34 5
34 18
34 38
35 34
35 36
35 4
35 62
35 39
35 47
35 8
35 68
35 56
36 35
36 37
36 18
36 15
36 27
37 36
37 38
37 26
37 4
37 13
37 44
38 37
38 39
38 25
38 15
38 6
38 8
38 34
38 12
39 38
39 40
39 35
39 13
39 22
39 30
39 11
40 39
40 41
40 5
40 8
40 68
40 4
40 65
41 40
41 42
41 46
41 13
41 17
41 11
41 60
41 4
41 15
41 24
41 43
41 45
41 33
42 41
42 43
42 9
42 21
42 27
42 19
43 42
43 44
43 58
43 8
43 50
43 0
43 41
43 62
44 43
44 45
44 6
44 0
44 29
44 37
45 44
45 46
45 34
45 15
45 23
45 50
45 16
45 9
45 41
45 19
46 45
46 47
46 5
46 41
46 2
46 9
46 1
47 46
47 48
47 10
47 35
47 1
47 51
48 47
48 49
48 8
48 9
48 26
49 48
49 50
49 55
49 0
50 49
50 51
50 43
50 45
50 66
50 24
51 50
51 52
51 31
51 17
51 47
52 51
52 53
52 2
53 52
53 54
53 7
54 53
54 55
54 7
54 18
54 59
54 9
54 6
55 54
55 56
55 1
55 20
55 26
55 49
56 55
56 57
56 7
56 24
56 3
56 8
56 35
57 56
57 58
58 57
58 59
58 0
58 43
58 8
58 2
59 58
59 60
59 3
59 12
59 54
59 23
59 24
60 59
60 61
60 1
60 33
60 41
61 60
61 62
61 7
61 25
62 61
62 63
62 35
62 13
62 43
62 31
63 62
63 64
63 16
63 5
63 10
63 30
64 63
64 65
64 0
64 25
64 23
65 64
65 66
65 17
65 40
66 65
66 67
66 18
66 5
66 3
66 2
66 50
67 66
67 68
67 12
67 8
68 67
68 69
68 40
68 35
69 68
69 3
69 2
69 33
