0 115
0 71
0 102
0 93
0 119
0 147
0 56
0 18
0 53
0 78
0 36
0 139
0 15
0 121
0 29
0 79
0 3
0 143
0 127
0 67
0 95
0 130
0 148
0 134
0 6
0 98
0 83
1 141
1 138
1 51
1 15
1 22
1 9
1 13
1 89
1 69
1 17
1 102
1 120
1 7
1 34
1 119
1 68
1 56
1 79
1 146
1 84
1 135
1 33
1 38
1 145
1 39
1 123
1 124
1 98
1 83
2 98
2 83
3 115
3 71
3 102
3 93
3 119
3 147
3 56
3 78
3 36
3 139
3 15
3 121
3 79
3 143
3 127
3 67
3 95
3 130
3 148
3 134
3 6
3 0
3 112
3 128
3 7
3 111
3 39
3 144
3 70
3 32
3 142
3 10
3 8
3 103
3 109
3 61
4 34
4 14
4 110
4 113
4 32
4 122
4 100
4 55
4 16
4 117
4 7
4 26
4 139
4 80
4 116
4 28
4 125
4 127
4 107
4 19
4 46
4 47
4 143
4 45
4 114
4 66
4 98
4 83
6 86
6 110
6 67
6 111
6 132
6 34
6 92
6 81
6 112
6 83
6 59
6 141
6 139
6 27
6 40
6 65
6 50
6 101
6 133
6 115
6 71
6 102
6 119
6 147
6 56
6 18
6 53
6 78
6 36
6 15
6 121
6 29
6 79
6 3
6 143
6 127
6 95
6 130
6 148
6 134
6 0
6 43
6 68
6 19
6 70
6 122
6 11
6 105
6 14
6 10
6 25
6 42
6 125
6 52
6 140
6 63
6 51
6 97
6 77
6 55
6 90
6 88
6 124
6 146
6 62
6 94
6 98
7 139
7 112
7 40
7 95
7 111
7 86
7 144
7 70
7 32
7 17
7 56
7 142
7 10
7 103
7 36
7 3
7 61
7 34
7 14
7 110
7 113
7 59
7 122
7 44
7 100
7 55
7 16
7 117
7 26
7 80
7 116
7 28
7 125
7 127
7 107
7 4
7 19
7 46
7 47
7 143
7 45
7 114
7 66
7 141
7 138
7 51
7 15
7 22
7 9
7 89
7 69
7 102
7 120
7 1
7 27
7 119
7 68
7 79
7 146
7 84
7 135
7 33
7 38
7 145
7 39
7 123
7 124
7 83
8 139
8 91
8 46
8 59
8 65
8 98
8 93
8 69
8 12
8 11
8 126
8 131
8 147
8 113
8 54
8 45
8 29
8 40
8 10
8 15
8 24
8 146
8 73
8 55
8 112
8 128
8 95
8 111
8 86
8 39
8 144
8 70
8 32
8 17
8 56
8 142
8 103
8 36
8 109
8 3
8 61
9 141
9 138
9 51
9 15
9 22
9 13
9 89
9 69
9 17
9 102
9 120
9 1
9 7
9 34
9 27
9 119
9 68
9 56
9 84
9 135
9 33
9 38
9 39
9 123
9 124
9 98
9 83
10 139
10 91
10 46
10 59
10 65
10 98
10 93
10 69
10 11
10 126
10 131
10 147
10 113
10 54
10 45
10 8
10 29
10 40
10 15
10 136
10 24
10 146
10 73
10 55
10 112
10 128
10 7
10 95
10 111
10 86
10 39
10 144
10 70
10 32
10 17
10 56
10 142
10 103
10 36
10 3
10 61
10 43
10 68
10 19
10 122
10 27
10 105
10 14
10 133
10 6
10 25
10 42
10 140
10 63
10 51
10 97
10 77
10 90
10 88
10 62
10 83
11 139
11 91
11 59
11 65
11 98
11 93
11 69
11 12
11 126
11 131
11 147
11 113
11 54
11 45
11 8
11 29
11 10
11 15
11 136
11 24
11 146
11 73
11 55
11 43
11 68
11 70
11 122
11 27
11 105
11 14
11 133
11 6
11 25
11 42
11 125
11 52
11 140
11 51
11 142
11 97
11 77
11 90
11 88
11 124
11 62
11 94
12 126
12 148
12 93
12 60
12 89
12 34
12 141
12 113
12 99
12 63
12 51
12 131
12 31
12 125
12 38
12 14
12 42
12 88
12 47
12 16
12 139
12 91
12 46
12 59
12 65
12 98
12 69
12 11
12 147
12 54
12 45
12 8
12 29
12 40
12 15
12 136
12 24
12 146
12 73
12 55
12 83
13 141
13 138
13 51
13 15
13 22
13 9
13 89
13 69
13 17
13 102
13 120
13 1
13 34
13 27
13 119
13 68
13 56
13 79
13 146
13 84
13 135
13 33
13 38
13 145
13 39
13 123
13 124
13 105
13 90
13 91
13 62
13 80
13 114
13 101
13 77
13 81
13 108
13 126
13 73
13 112
13 41
13 99
13 93
13 66
13 16
13 26
14 91
14 148
14 93
14 60
14 89
14 34
14 141
14 113
14 63
14 51
14 81
14 131
14 31
14 125
14 12
14 42
14 88
14 110
14 32
14 59
14 122
14 44
14 100
14 55
14 16
14 117
14 7
14 26
14 139
14 80
14 116
14 28
14 127
14 107
14 4
14 19
14 46
14 47
14 45
14 114
14 66
14 43
14 70
14 27
14 11
14 105
14 133
14 6
14 10
14 25
14 52
14 140
14 142
14 97
14 77
14 90
14 124
14 146
14 62
14 94
14 98
14 83
15 139
15 91
15 46
15 98
15 93
15 69
15 12
15 11
15 126
15 131
15 147
15 113
15 54
15 45
15 8
15 29
15 10
15 136
15 24
15 146
15 73
15 102
15 119
15 56
15 18
15 53
15 36
15 121
15 79
15 3
15 127
15 95
15 130
15 148
15 134
15 6
15 0
15 141
15 138
15 51
15 22
15 9
15 13
15 89
15 120
15 1
15 7
15 34
15 27
15 84
15 135
15 33
15 38
15 145
15 39
15 123
15 124
15 105
15 90
15 80
15 114
15 101
15 77
15 81
15 108
15 112
15 41
15 99
15 66
15 16
15 26
15 83
16 126
16 91
16 148
16 93
16 60
16 89
16 34
16 141
16 113
16 99
16 63
16 51
16 81
16 131
16 31
16 125
16 38
16 12
16 42
16 88
16 47
16 14
16 110
16 32
16 59
16 122
16 44
16 100
16 55
16 117
16 7
16 26
16 139
16 80
16 116
16 28
16 127
16 107
16 4
16 19
16 46
16 143
16 45
16 114
16 105
16 90
16 69
16 62
16 13
16 101
16 77
16 138
16 108
16 119
16 73
16 15
16 112
16 41
16 33
16 66
16 22
16 98
16 83
17 139
17 112
17 128
17 7
17 40
17 95
17 111
17 86
17 39
17 144
17 70
17 32
17 56
17 142
17 10
17 8
17 103
17 36
17 109
17 61
17 141
17 51
17 22
17 9
17 13
17 89
17 69
17 102
17 120
17 1
17 34
17 119
17 68
17 79
17 146
17 84
17 135
17 33
17 123
17 98
17 83
18 86
18 110
18 67
18 132
18 34
18 92
18 81
18 112
18 83
18 141
18 139
18 27
18 40
18 50
18 101
18 133
18 115
18 71
18 102
18 93
18 119
18 147
18 56
18 53
18 78
18 36
18 15
18 121
18 29
18 79
18 143
18 127
18 95
18 130
18 148
18 134
18 6
18 0
18 98
19 103
19 134
19 120
19 44
19 86
19 98
19 96
19 89
19 90
19 129
19 54
19 135
19 85
19 62
19 107
19 141
19 36
19 132
19 97
19 34
19 14
19 110
19 113
19 32
19 59
19 122
19 100
19 55
19 16
19 117
19 7
19 26
19 139
19 80
19 116
19 28
19 125
19 127
19 4
19 46
19 47
19 143
19 114
19 43
19 68
19 70
19 27
19 105
19 133
19 6
19 10
19 25
19 42
19 140
19 63
19 51
19 142
19 88
19 124
19 94
20 83
21 98
22 141
22 138
22 51
22 15
22 9
22 13
22 89
22 69
22 17
22 102
22 120
22 1
22 7
22 34
22 27
22 68
22 56
22 146
22 135
22 33
22 38
22 145
22 39
22 123
22 124
22 105
22 90
22 62
22 80
22 114
22 101
22 77
22 81
22 108
22 126
22 119
22 73
22 112
22 41
22 99
22 93
22 66
22 16
22 26
22 83
23 98
24 139
24 91
24 46
24 59
24 65
24 98
24 93
24 69
24 12
24 11
24 126
24 131
24 147
24 113
24 54
24 45
24 8
24 29
24 40
24 10
24 15
24 136
24 146
24 73
24 55
25 43
25 19
25 70
25 122
25 27
25 11
25 105
25 14
25 133
25 6
25 10
25 42
25 125
25 140
25 63
25 142
25 97
25 77
25 90
25 88
25 124
25 146
25 62
25 94
25 98
25 83
26 34
26 14
26 110
26 113
26 59
26 122
26 44
26 100
26 55
26 16
26 117
26 7
26 139
26 80
26 116
26 28
26 125
26 127
26 107
26 4
26 19
26 46
26 47
26 143
26 45
26 114
26 66
26 90
26 91
26 69
26 62
26 13
26 101
26 77
26 138
26 81
26 108
26 126
26 119
26 73
26 15
26 112
26 41
26 99
26 93
26 33
26 22
26 141
26 83
27 86
27 18
27 67
27 111
27 34
27 92
27 81
27 112
27 83
27 6
27 59
27 141
27 139
27 40
27 65
27 50
27 101
27 133
27 138
27 51
27 15
27 22
27 9
27 13
27 89
27 69
27 102
27 120
27 7
27 119
27 68
27 56
27 79
27 84
27 135
27 33
27 38
27 145
27 39
27 123
27 124
27 43
27 19
27 70
27 122
27 11
27 14
27 10
27 25
27 42
27 125
27 52
27 140
27 63
27 142
27 97
27 77
27 55
27 90
27 88
27 146
27 62
27 94
27 98
28 34
28 14
28 110
28 113
28 59
28 122
28 44
28 100
28 55
28 16
28 117
28 7
28 26
28 139
28 80
28 116
28 125
28 127
28 107
28 4
28 19
28 46
28 47
28 143
28 45
28 114
28 66
28 98
29 139
29 91
29 46
29 59
29 65
29 98
29 93
29 69
29 12
29 11
29 126
29 131
29 113
29 45
29 8
29 40
29 10
29 15
29 136
29 24
29 146
29 73
29 55
29 115
29 71
29 102
29 119
29 147
29 56
29 18
29 53
29 78
29 36
29 121
29 79
29 143
29 127
29 67
29 95
29 130
29 148
29 134
29 6
29 0
29 83
30 83
31 126
31 91
31 148
31 93
31 60
31 89
31 34
31 141
31 113
31 99
31 51
31 131
31 125
31 38
31 14
31 12
31 42
31 88
31 47
31 16
31 98
31 83
32 112
32 128
32 7
32 40
32 95
32 111
32 86
32 39
32 144
32 17
32 56
32 142
32 10
32 8
32 103
32 36
32 109
32 3
32 61
32 14
32 110
32 113
32 59
32 44
32 100
32 55
32 16
32 117
32 139
32 80
32 116
32 125
32 127
32 107
32 4
32 19
32 46
32 47
32 143
32 45
32 114
32 66
32 98
33 51
33 15
33 22
33 9
33 13
33 69
33 17
33 102
33 120
33 1
33 7
33 34
33 27
33 119
33 68
33 56
33 79
33 146
33 84
33 135
33 38
33 145
33 39
33 123
33 124
33 105
33 90
33 91
33 62
33 80
33 114
33 101
33 77
33 138
33 81
33 108
33 126
33 73
33 112
33 41
33 99
33 93
33 16
33 26
33 141
33 98
34 126
34 91
34 148
34 60
34 89
34 141
34 113
34 99
34 63
34 51
34 31
34 125
34 38
34 14
34 12
34 42
34 88
34 47
34 16
34 86
34 18
34 110
34 67
34 111
34 132
34 92
34 81
34 112
34 83
34 6
34 59
34 139
34 27
34 40
34 65
34 50
34 101
34 133
34 122
34 44
34 100
34 55
34 117
34 7
34 26
34 28
34 127
34 107
34 4
34 19
34 46
34 143
34 45
34 114
34 138
34 15
34 22
34 9
34 13
34 17
34 102
34 120
34 1
34 119
34 68
34 56
34 79
34 146
34 84
34 135
34 33
34 145
34 39
34 123
34 124
34 98
35 98
36 71
36 102
36 93
36 119
36 147
36 56
36 18
36 53
36 78
36 139
36 15
36 121
36 29
36 79
36 3
36 143
36 127
36 67
36 130
36 148
36 134
36 6
36 0
36 19
36 120
36 47
36 44
36 86
36 98
36 96
36 89
36 90
36 129
36 54
36 135
36 85
36 62
36 107
36 141
36 132
36 97
36 142
36 112
36 128
36 7
36 40
36 95
36 39
36 144
36 70
36 32
36 17
36 10
36 8
36 103
36 61
38 126
38 91
38 148
38 93
38 60
38 89
38 34
38 141
38 113
38 99
38 63
38 81
38 31
38 125
38 12
38 42
38 88
38 47
38 16
38 138
38 51
38 15
38 22
38 9
38 13
38 69
38 102
38 1
38 7
38 27
38 119
38 68
38 56
38 79
38 146
38 84
38 135
38 33
38 145
38 39
38 123
38 124
38 98
39 139
39 112
39 128
39 40
39 95
39 111
39 86
39 144
39 70
39 32
39 17
39 56
39 142
39 10
39 8
39 103
39 36
39 109
39 3
39 61
39 141
39 138
39 51
39 15
39 22
39 9
39 13
39 89
39 69
39 102
39 120
39 1
39 7
39 34
39 27
39 119
39 68
39 79
39 146
39 84
39 135
39 33
39 38
39 145
39 123
39 124
39 98
39 83
40 18
40 110
40 67
40 111
40 132
40 34
40 92
40 81
40 112
40 83
40 6
40 59
40 141
40 139
40 27
40 65
40 50
40 133
40 91
40 46
40 98
40 93
40 69
40 12
40 126
40 131
40 147
40 113
40 54
40 45
40 8
40 29
40 10
40 136
40 24
40 146
40 73
40 55
40 128
40 7
40 95
40 86
40 39
40 144
40 70
40 32
40 17
40 56
40 142
40 103
40 36
40 109
40 61
41 105
41 90
41 91
41 69
41 62
41 80
41 13
41 101
41 138
41 108
41 126
41 119
41 73
41 15
41 112
41 99
41 93
41 33
41 16
41 22
41 26
41 141
41 98
42 126
42 91
42 148
42 93
42 60
42 89
42 34
42 141
42 113
42 99
42 63
42 51
42 81
42 131
42 31
42 125
42 38
42 14
42 12
42 88
42 47
42 16
42 43
42 68
42 19
42 70
42 122
42 27
42 11
42 105
42 133
42 6
42 10
42 25
42 52
42 140
42 142
42 97
42 77
42 90
42 124
42 146
42 62
42 94
42 83
43 68
43 19
43 122
43 27
43 11
43 14
43 133
43 6
43 10
43 25
43 42
43 125
43 52
43 140
43 63
43 51
43 142
43 97
43 77
43 55
43 90
43 88
43 124
43 146
43 62
44 103
44 134
44 19
44 120
44 47
44 86
44 96
44 89
44 90
44 129
44 54
44 135
44 85
44 62
44 107
44 36
44 97
44 142
44 34
44 14
44 110
44 32
44 59
44 122
44 100
44 55
44 16
44 117
44 7
44 26
44 139
44 80
44 116
44 28
44 125
44 46
44 45
44 114
44 66
44 98
45 139
45 91
45 46
45 59
45 65
45 98
45 93
45 69
45 12
45 11
45 126
45 131
45 147
45 113
45 54
45 8
45 29
45 40
45 10
45 15
45 136
45 24
45 146
45 73
45 55
45 34
45 14
45 110
45 32
45 122
45 44
45 100
45 16
45 117
45 7
45 26
45 80
45 116
45 28
45 127
45 107
45 4
45 47
45 143
45 114
45 66
45 83
46 139
46 91
46 59
46 65
46 98
46 93
46 69
46 12
46 131
46 147
46 113
46 54
46 45
46 8
46 29
46 40
46 10
46 15
46 136
46 24
46 146
46 73
46 34
46 14
46 110
46 32
46 122
46 44
46 100
46 55
46 16
46 117
46 7
46 26
46 80
46 28
46 125
46 127
46 107
46 4
46 19
46 47
46 143
46 114
46 66
47 126
47 91
47 148
47 93
47 60
47 89
47 34
47 141
47 113
47 99
47 63
47 81
47 131
47 31
47 125
47 38
47 12
47 42
47 88
47 16
47 103
47 134
47 120
47 44
47 98
47 96
47 90
47 129
47 54
47 135
47 85
47 62
47 107
47 36
47 132
47 97
47 142
47 14
47 110
47 32
47 59
47 122
47 100
47 55
47 117
47 7
47 26
47 139
47 80
47 28
47 127
47 4
47 19
47 46
47 143
47 45
47 114
47 66
48 83
49 98
49 83
50 86
50 18
50 110
50 67
50 111
50 132
50 34
50 92
50 81
50 112
50 83
50 6
50 59
50 141
50 139
50 27
50 40
50 65
50 101
50 133
50 98
51 126
51 91
51 148
51 93
51 60
51 89
51 34
51 141
51 113
51 99
51 63
51 81
51 131
51 31
51 125
51 14
51 12
51 42
51 88
51 16
51 138
51 15
51 22
51 9
51 13
51 17
51 102
51 120
51 1
51 7
51 27
51 68
51 56
51 79
51 146
51 84
51 135
51 33
51 38
51 145
51 39
51 123
51 124
51 43
51 19
51 70
51 122
51 11
51 105
51 6
51 10
51 52
51 142
51 97
51 77
51 55
51 90
51 62
51 94
51 98
52 43
52 68
52 70
52 27
52 11
52 105
52 14
52 133
52 6
52 42
52 125
52 140
52 63
52 51
52 142
52 97
52 77
52 55
52 90
52 88
52 124
52 146
52 62
52 83
53 115
53 71
53 102
53 93
53 119
53 147
53 56
53 18
53 78
53 36
53 139
53 15
53 29
53 79
53 143
53 127
53 67
53 95
53 130
53 148
53 134
53 6
53 0
53 98
53 83
54 139
54 91
54 46
54 65
54 98
54 93
54 69
54 12
54 11
54 126
54 131
54 147
54 45
54 8
54 40
54 10
54 15
54 136
54 24
54 146
54 73
54 55
54 103
54 134
54 19
54 120
54 47
54 44
54 86
54 96
54 89
54 90
54 129
54 135
54 85
54 62
54 107
54 141
54 36
54 132
54 97
54 142
54 83
55 139
55 91
55 59
55 65
55 98
55 93
55 69
55 12
55 11
55 126
55 147
55 113
55 54
55 45
55 8
55 29
55 40
55 10
55 136
55 24
55 146
55 73
55 34
55 14
55 32
55 44
55 100
55 16
55 117
55 7
55 26
55 80
55 116
55 28
55 125
55 107
55 4
55 19
55 46
55 47
55 143
55 114
55 66
55 43
55 68
55 70
55 122
55 27
55 105
55 133
55 6
55 52
55 140
55 63
55 51
55 142
55 97
55 77
55 88
55 124
55 62
55 94
56 115
56 71
56 93
56 147
56 18
56 53
56 78
56 36
56 139
56 15
56 121
56 29
56 79
56 3
56 143
56 67
56 95
56 130
56 148
56 134
56 6
56 0
56 112
56 128
56 7
56 40
56 111
56 86
56 39
56 144
56 70
56 32
56 17
56 142
56 10
56 8
56 103
56 109
56 61
56 141
56 138
56 51
56 22
56 9
56 13
56 89
56 69
56 120
56 1
56 34
56 27
56 119
56 68
56 84
56 135
56 33
56 38
56 145
56 123
56 124
56 83
57 98
58 98
59 86
59 110
59 67
59 111
59 132
59 34
59 92
59 81
59 83
59 6
59 141
59 139
59 27
59 40
59 65
59 50
59 101
59 133
59 91
59 46
59 98
59 93
59 69
59 12
59 11
59 126
59 131
59 147
59 113
59 45
59 8
59 29
59 10
59 136
59 24
59 146
59 73
59 55
59 14
59 32
59 122
59 44
59 100
59 16
59 117
59 7
59 26
59 80
59 116
59 28
59 125
59 127
59 107
59 19
59 47
59 143
59 114
59 66
60 126
60 91
60 148
60 93
60 89
60 34
60 141
60 113
60 99
60 63
60 51
60 131
60 31
60 125
60 38
60 14
60 12
60 42
60 47
60 16
60 98
61 139
61 112
61 7
61 40
61 95
61 111
61 86
61 39
61 144
61 70
61 32
61 17
61 56
61 142
61 10
61 8
61 103
61 36
61 3
62 103
62 134
62 19
62 120
62 47
62 44
62 86
62 98
62 96
62 89
62 129
62 54
62 135
62 107
62 141
62 36
62 132
62 97
62 142
62 43
62 68
62 70
62 122
62 27
62 11
62 105
62 14
62 133
62 6
62 10
62 25
62 42
62 125
62 52
62 140
62 63
62 51
62 77
62 55
62 90
62 88
62 124
62 146
62 91
62 69
62 80
62 114
62 13
62 101
62 138
62 81
62 108
62 126
62 119
62 73
62 112
62 41
62 99
62 93
62 33
62 66
62 16
62 22
62 26
63 126
63 91
63 148
63 93
63 60
63 89
63 34
63 141
63 113
63 99
63 51
63 81
63 131
63 125
63 38
63 14
63 12
63 42
63 88
63 47
63 16
63 43
63 68
63 19
63 70
63 122
63 27
63 105
63 133
63 6
63 10
63 25
63 52
63 140
63 142
63 97
63 77
63 55
63 90
63 124
63 62
63 94
63 83
65 86
65 110
65 67
65 111
65 132
65 34
65 92
65 81
65 83
65 6
65 59
65 139
65 27
65 40
65 50
65 101
65 133
65 91
65 46
65 98
65 93
65 69
65 12
65 11
65 126
65 131
65 147
65 113
65 54
65 45
65 8
65 29
65 10
65 136
65 24
65 146
65 73
65 55
66 14
66 110
66 113
66 32
66 59
66 122
66 44
66 100
66 55
66 117
66 7
66 26
66 139
66 80
66 116
66 28
66 125
66 127
66 107
66 4
66 46
66 47
66 143
66 45
66 114
66 105
66 90
66 91
66 69
66 62
66 13
66 101
66 77
66 138
66 81
66 108
66 126
66 119
66 73
66 15
66 112
66 99
66 93
66 16
66 22
66 141
66 98
66 83
67 86
67 18
67 110
67 111
67 34
67 92
67 81
67 112
67 83
67 6
67 59
67 141
67 139
67 27
67 40
67 65
67 50
67 101
67 133
67 115
67 71
67 102
67 93
67 119
67 147
67 56
67 53
67 78
67 36
67 121
67 29
67 79
67 3
67 127
67 130
67 148
67 134
67 0
67 98
68 141
68 138
68 51
68 22
68 9
68 13
68 89
68 69
68 17
68 102
68 120
68 1
68 7
68 34
68 27
68 119
68 56
68 79
68 146
68 135
68 33
68 38
68 145
68 39
68 123
68 124
68 43
68 19
68 70
68 122
68 11
68 105
68 133
68 6
68 10
68 42
68 125
68 52
68 140
68 63
68 142
68 97
68 77
68 55
68 90
68 88
68 62
68 94
68 98
69 139
69 91
69 46
69 59
69 65
69 98
69 12
69 11
69 126
69 131
69 147
69 113
69 54
69 45
69 8
69 29
69 40
69 10
69 15
69 136
69 24
69 146
69 73
69 55
69 141
69 138
69 22
69 9
69 13
69 89
69 17
69 102
69 120
69 1
69 7
69 27
69 119
69 68
69 56
69 79
69 84
69 135
69 33
69 38
69 39
69 123
69 124
69 105
69 90
69 62
69 80
69 114
69 101
69 77
69 81
69 108
69 112
69 41
69 99
69 93
69 66
69 16
69 26
70 139
70 112
70 128
70 7
70 40
70 95
70 111
70 86
70 39
70 144
70 17
70 56
70 142
70 10
70 8
70 103
70 36
70 109
70 3
70 61
70 68
70 19
70 122
70 27
70 11
70 105
70 14
70 133
70 6
70 25
70 42
70 52
70 140
70 63
70 51
70 97
70 77
70 55
70 90
70 88
70 124
70 146
70 62
70 94
70 98
71 115
71 102
71 93
71 119
71 147
71 56
71 18
71 53
71 78
71 36
71 139
71 121
71 29
71 79
71 3
71 143
71 127
71 67
71 95
71 130
71 148
71 134
71 6
71 0
71 98
71 83
72 98
73 139
73 91
73 46
73 59
73 65
73 98
73 93
73 69
73 12
73 11
73 126
73 131
73 147
73 113
73 54
73 45
73 8
73 29
73 40
73 10
73 15
73 136
73 24
73 146
73 55
73 105
73 90
73 62
73 80
73 114
73 13
73 101
73 138
73 81
73 108
73 112
73 41
73 99
73 33
73 66
73 16
73 22
73 26
73 141
74 83
75 98
76 98
77 43
77 68
77 70
77 122
77 27
77 11
77 14
77 133
77 6
77 10
77 25
77 42
77 125
77 52
77 140
77 63
77 51
77 142
77 97
77 55
77 90
77 88
77 146
77 62
77 94
77 105
77 91
77 69
77 80
77 114
77 13
77 101
77 138
77 81
77 108
77 126
77 119
77 15
77 112
77 99
77 93
77 33
77 66
77 16
77 22
77 26
77 141
78 115
78 71
78 102
78 93
78 119
78 147
78 56
78 18
78 53
78 36
78 139
78 121
78 29
78 79
78 3
78 127
78 67
78 95
78 130
78 148
78 134
78 6
78 0
79 115
79 71
79 102
79 93
79 119
79 147
79 56
79 18
79 53
79 78
79 36
79 139
79 15
79 121
79 29
79 3
79 143
79 127
79 67
79 95
79 148
79 134
79 6
79 0
79 141
79 138
79 51
79 13
79 89
79 69
79 17
79 120
79 1
79 7
79 34
79 27
79 68
79 84
79 33
79 38
79 145
79 39
79 123
79 124
79 98
80 14
80 110
80 113
80 32
80 59
80 122
80 44
80 100
80 55
80 16
80 117
80 7
80 26
80 139
80 116
80 28
80 125
80 127
80 107
80 4
80 19
80 46
80 47
80 143
80 45
80 114
80 66
80 105
80 91
80 69
80 62
80 13
80 101
80 77
80 138
80 81
80 108
80 126
80 73
80 15
80 112
80 41
80 99
80 33
80 22
80 141
80 83
81 91
81 148
81 93
81 89
81 141
81 113
81 99
81 63
81 51
81 131
81 125
81 38
81 14
81 42
81 88
81 47
81 16
81 86
81 18
81 110
81 67
81 111
81 132
81 34
81 112
81 83
81 6
81 59
81 139
81 27
81 40
81 65
81 50
81 101
81 133
81 105
81 90
81 69
81 62
81 80
81 114
81 13
81 77
81 138
81 108
81 126
81 119
81 73
81 15
81 33
81 66
81 22
81 26
82 83
83 86
83 18
83 67
83 111
83 132
83 34
83 92
83 81
83 112
83 6
83 59
83 141
83 139
83 27
83 40
83 65
83 50
83 101
83 133
83 0
83 1
83 2
83 4
83 7
83 9
83 10
83 12
83 14
83 15
83 16
83 17
83 20
83 22
83 25
83 26
83 29
83 30
83 31
83 39
83 42
83 45
83 48
83 49
83 52
83 53
83 54
83 56
83 63
83 66
83 71
83 74
83 80
83 82
83 85
83 87
83 88
83 89
83 90
83 94
83 98
83 99
83 100
83 105
83 106
83 107
83 110
83 113
83 114
83 115
83 116
83 117
83 120
83 121
83 123
83 125
83 126
83 129
83 130
83 134
83 137
83 145
83 147
83 148
83 149
84 138
84 51
84 15
84 9
84 13
84 89
84 69
84 17
84 102
84 120
84 1
84 7
84 34
84 27
84 119
84 56
84 79
84 146
84 135
84 33
84 38
84 145
84 39
84 123
84 124
85 103
85 19
85 120
85 47
85 44
85 86
85 98
85 96
85 89
85 90
85 129
85 54
85 135
85 107
85 141
85 36
85 132
85 97
85 142
85 83
86 18
86 110
86 67
86 111
86 132
86 34
86 92
86 81
86 112
86 83
86 6
86 59
86 27
86 65
86 50
86 133
86 103
86 134
86 19
86 120
86 44
86 98
86 96
86 89
86 90
86 129
86 54
86 85
86 62
86 107
86 141
86 36
86 97
86 142
86 139
86 128
86 7
86 40
86 95
86 39
86 144
86 70
86 32
86 17
86 56
86 10
86 8
86 109
86 61
87 98
87 83
88 126
88 91
88 148
88 93
88 89
88 34
88 141
88 113
88 99
88 63
88 51
88 81
88 131
88 31
88 125
88 38
88 14
88 12
88 42
88 47
88 16
88 43
88 68
88 19
88 70
88 122
88 27
88 11
88 105
88 133
88 6
88 10
88 25
88 52
88 140
88 142
88 97
88 77
88 55
88 90
88 124
88 62
88 94
88 83
89 126
89 91
89 93
89 60
89 34
89 141
89 113
89 99
89 63
89 51
89 81
89 131
89 31
89 125
89 38
89 14
89 12
89 42
89 88
89 47
89 16
89 103
89 134
89 19
89 120
89 44
89 86
89 98
89 96
89 90
89 129
89 54
89 135
89 85
89 62
89 107
89 36
89 132
89 97
89 142
89 138
89 15
89 22
89 9
89 13
89 69
89 17
89 102
89 1
89 7
89 27
89 119
89 68
89 56
89 79
89 146
89 84
89 145
89 39
89 123
89 124
89 83
90 103
90 134
90 19
90 47
90 44
90 86
90 98
90 96
90 89
90 129
90 54
90 135
90 85
90 107
90 141
90 36
90 132
90 97
90 142
90 43
90 68
90 70
90 122
90 27
90 11
90 105
90 14
90 133
90 6
90 10
90 25
90 42
90 125
90 52
90 140
90 63
90 51
90 77
90 88
90 124
90 146
90 62
90 94
90 91
90 69
90 114
90 13
90 81
90 126
90 119
90 73
90 15
90 41
90 99
90 93
90 33
90 66
90 16
90 22
90 26
90 83
91 126
91 148
91 93
91 60
91 89
91 34
91 141
91 113
91 99
91 63
91 51
91 81
91 131
91 31
91 125
91 38
91 14
91 42
91 88
91 47
91 16
91 46
91 59
91 65
91 69
91 12
91 11
91 147
91 54
91 45
91 8
91 29
91 40
91 10
91 15
91 136
91 24
91 146
91 73
91 55
91 105
91 90
91 62
91 80
91 114
91 13
91 101
91 77
91 138
91 108
91 119
91 112
91 41
91 33
91 66
91 26
92 86
92 18
92 110
92 67
92 111
92 132
92 34
92 112
92 83
92 6
92 59
92 141
92 139
92 27
92 40
92 65
92 50
92 133
92 98
93 91
93 148
93 60
93 89
93 141
93 113
93 99
93 63
93 51
93 81
93 131
93 31
93 125
93 38
93 14
93 12
93 42
93 88
93 47
93 16
93 139
93 46
93 59
93 65
93 98
93 11
93 126
93 147
93 54
93 45
93 8
93 29
93 40
93 10
93 15
93 136
93 24
93 146
93 73
93 55
93 71
93 56
93 18
93 53
93 78
93 36
93 121
93 79
93 3
93 143
93 127
93 67
93 130
93 134
93 0
93 90
93 69
93 62
93 114
93 13
93 101
93 77
93 138
93 108
93 119
93 112
93 41
93 33
93 66
93 22
93 26
94 68
94 19
94 70
94 122
94 27
94 11
94 105
94 14
94 6
94 25
94 42
94 125
94 140
94 63
94 51
94 77
94 55
94 90
94 88
94 124
94 146
94 83
95 115
95 71
95 102
95 119
95 147
95 56
95 18
95 53
95 78
95 139
95 15
95 121
95 29
95 79
95 3
95 143
95 127
95 130
95 148
95 134
95 6
95 0
95 128
95 7
95 40
95 111
95 86
95 39
95 144
95 70
95 32
95 17
95 142
95 10
95 8
95 103
95 36
95 61
96 103
96 134
96 19
96 47
96 44
96 86
96 98
96 89
96 90
96 129
96 54
96 135
96 85
96 62
96 107
96 141
96 36
96 132
96 97
96 142
97 103
97 134
97 19
97 120
97 47
97 44
97 86
97 98
97 96
97 89
97 90
97 129
97 54
97 135
97 85
97 62
97 107
97 141
97 36
97 132
97 142
97 43
97 68
97 70
97 122
97 27
97 11
97 105
97 14
97 133
97 6
97 10
97 25
97 42
97 125
97 52
97 140
97 63
97 51
97 77
97 55
97 88
97 124
97 146
98 139
98 46
98 59
98 65
98 93
98 69
98 12
98 11
98 131
98 54
98 45
98 8
98 29
98 40
98 10
98 15
98 136
98 24
98 146
98 73
98 55
98 103
98 134
98 19
98 120
98 47
98 86
98 96
98 89
98 90
98 129
98 135
98 85
98 62
98 107
98 141
98 36
98 132
98 97
98 142
98 0
98 1
98 2
98 4
98 6
98 9
98 14
98 16
98 17
98 18
98 21
98 23
98 25
98 27
98 28
98 31
98 32
98 33
98 34
98 35
98 38
98 39
98 41
98 44
98 49
98 50
98 51
98 53
98 57
98 58
98 60
98 66
98 67
98 68
98 70
98 71
98 72
98 75
98 76
98 79
98 87
98 92
98 101
98 102
98 110
98 111
98 112
98 113
98 114
98 121
98 123
98 126
98 127
98 130
98 133
98 144
98 145
98 147
98 148
98 149
98 83
99 126
99 91
99 148
99 93
99 60
99 89
99 34
99 141
99 113
99 63
99 51
99 81
99 131
99 31
99 125
99 38
99 12
99 42
99 88
99 47
99 16
99 90
99 69
99 62
99 80
99 114
99 13
99 101
99 77
99 138
99 108
99 119
99 73
99 15
99 112
99 41
99 33
99 66
99 22
99 26
99 83
100 34
100 14
100 110
100 113
100 32
100 59
100 122
100 44
100 55
100 16
100 117
100 7
100 26
100 139
100 80
100 116
100 28
100 125
100 127
100 107
100 4
100 19
100 46
100 47
100 143
100 45
100 114
100 66
100 83
101 18
101 110
101 67
101 132
101 34
101 81
101 112
101 83
101 6
101 59
101 141
101 139
101 27
101 65
101 50
101 133
101 105
101 91
101 69
101 62
101 80
101 114
101 13
101 77
101 138
101 108
101 126
101 119
101 73
101 15
101 41
101 99
101 93
101 33
101 66
101 16
101 22
101 26
101 98
102 115
102 71
102 119
102 147
102 18
102 53
102 78
102 36
102 139
102 15
102 29
102 79
102 3
102 127
102 67
102 95
102 130
102 134
102 6
102 0
102 141
102 138
102 51
102 22
102 9
102 13
102 89
102 69
102 17
102 120
102 1
102 7
102 34
102 27
102 68
102 146
102 84
102 135
102 33
102 38
102 145
102 39
102 123
102 98
103 134
103 19
103 120
103 47
103 44
103 86
103 98
103 96
103 89
103 90
103 54
103 135
103 85
103 62
103 107
103 141
103 132
103 97
103 142
103 139
103 128
103 7
103 40
103 95
103 111
103 39
103 144
103 70
103 32
103 17
103 56
103 10
103 8
103 36
103 109
103 3
103 61
105 68
105 19
105 70
105 122
105 11
105 14
105 133
105 6
105 10
105 25
105 42
105 125
105 52
105 140
105 63
105 51
105 142
105 97
105 55
105 90
105 88
105 124
105 146
105 62
105 94
105 91
105 69
105 80
105 114
105 13
105 101
105 77
105 138
105 81
105 126
105 119
105 73
105 15
105 112
105 41
105 33
105 66
105 16
105 22
105 141
105 83
106 83
107 103
107 134
107 19
107 120
107 47
107 44
107 86
107 98
107 96
107 89
107 90
107 129
107 54
107 135
107 85
107 62
107 36
107 132
107 97
107 142
107 34
107 14
107 110
107 113
107 32
107 59
107 122
107 100
107 55
107 16
107 117
107 7
107 26
107 139
107 80
107 116
107 28
107 125
107 127
107 4
107 46
107 143
107 45
107 114
107 66
107 83
108 91
108 69
108 62
108 80
108 114
108 13
108 101
108 77
108 138
108 81
108 126
108 119
108 73
108 15
108 112
108 41
108 99
108 93
108 33
108 66
108 16
108 22
108 26
108 141
109 139
109 112
109 128
109 40
109 111
109 86
109 39
109 144
109 70
109 32
109 17
109 56
109 8
109 103
109 3
110 86
110 18
110 67
110 111
110 132
110 34
110 92
110 81
110 112
110 6
110 59
110 141
110 139
110 40
110 65
110 50
110 101
110 133
110 14
110 113
110 32
110 122
110 44
110 100
110 16
110 117
110 7
110 26
110 80
110 116
110 28
110 125
110 127
110 107
110 4
110 19
110 46
110 47
110 143
110 45
110 114
110 66
110 98
110 83
111 86
111 110
111 67
111 132
111 34
111 92
111 81
111 112
111 83
111 6
111 59
111 141
111 139
111 27
111 40
111 65
111 50
111 133
111 128
111 7
111 95
111 39
111 144
111 70
111 32
111 17
111 56
111 142
111 10
111 8
111 103
111 109
111 3
111 61
111 98
112 86
112 18
112 110
112 67
112 111
112 132
112 34
112 92
112 81
112 83
112 6
112 141
112 139
112 27
112 40
112 50
112 101
112 133
112 128
112 7
112 39
112 144
112 70
112 32
112 17
112 56
112 142
112 10
112 8
112 36
112 109
112 3
112 61
112 105
112 91
112 69
112 62
112 80
112 114
112 13
112 77
112 138
112 108
112 126
112 119
112 73
112 15
112 41
112 99
112 93
112 33
112 66
112 16
112 22
112 26
112 98
113 126
113 91
113 148
113 93
113 60
113 89
113 34
113 141
113 99
113 63
113 51
113 81
113 131
113 31
113 125
113 38
113 14
113 12
113 42
113 88
113 47
113 16
113 139
113 46
113 59
113 65
113 69
113 11
113 147
113 45
113 8
113 29
113 40
113 10
113 15
113 136
113 24
113 73
113 55
113 110
113 32
113 122
113 100
113 7
113 26
113 80
113 116
113 28
113 127
113 107
113 4
113 19
113 143
113 114
113 66
113 98
113 83
114 34
114 14
114 110
114 113
114 32
114 59
114 122
114 44
114 100
114 55
114 16
114 7
114 26
114 139
114 80
114 28
114 125
114 107
114 4
114 19
114 46
114 47
114 143
114 45
114 66
114 105
114 90
114 91
114 69
114 62
114 13
114 101
114 77
114 138
114 81
114 108
114 126
114 119
114 73
114 15
114 112
114 99
114 93
114 33
114 22
114 98
114 83
115 71
115 102
115 119
115 147
115 56
115 18
115 53
115 78
115 139
115 121
115 29
115 79
115 3
115 143
115 127
115 67
115 95
115 148
115 134
115 6
115 0
115 83
116 14
116 110
116 113
116 32
116 59
116 122
116 44
116 100
116 55
116 16
116 117
116 7
116 26
116 139
116 80
116 28
116 125
116 127
116 107
116 4
116 19
116 143
116 45
116 66
116 83
117 34
117 14
117 110
117 32
117 59
117 122
117 44
117 100
117 55
117 16
117 7
117 26
117 139
117 80
117 116
117 28
117 125
117 127
117 107
117 4
117 19
117 46
117 47
117 143
117 45
117 66
117 83
119 115
119 71
119 102
119 147
119 18
119 53
119 78
119 36
119 139
119 15
119 121
119 29
119 79
119 3
119 143
119 127
119 67
119 95
119 130
119 148
119 134
119 6
119 0
119 141
119 138
119 9
119 13
119 89
119 69
119 17
119 120
119 1
119 7
119 34
119 27
119 68
119 56
119 146
119 84
119 135
119 33
119 38
119 145
119 39
119 105
119 90
119 91
119 62
119 114
119 101
119 77
119 81
119 108
119 126
119 112
119 41
119 99
119 93
119 66
119 16
119 22
119 26
120 103
120 134
120 19
120 47
120 44
120 86
120 98
120 89
120 129
120 54
120 135
120 85
120 62
120 107
120 141
120 36
120 132
120 97
120 142
120 138
120 51
120 15
120 22
120 9
120 13
120 69
120 17
120 102
120 1
120 7
120 34
120 27
120 119
120 68
120 56
120 79
120 146
120 84
120 33
120 145
120 39
120 124
120 83
121 115
121 71
121 93
121 119
121 147
121 56
121 18
121 78
121 36
121 139
121 15
121 29
121 79
121 3
121 143
121 127
121 67
121 95
121 130
121 148
121 134
121 6
121 0
121 98
121 83
122 34
122 14
122 110
122 113
122 59
122 44
122 100
122 16
122 117
122 7
122 26
122 139
122 80
122 116
122 28
122 127
122 107
122 4
122 19
122 46
122 47
122 143
122 45
122 114
122 66
122 43
122 68
122 70
122 27
122 11
122 105
122 133
122 6
122 10
122 25
122 42
122 125
122 140
122 63
122 51
122 142
122 97
122 77
122 55
122 90
122 88
122 124
122 146
122 62
122 94
123 141
123 138
123 51
123 15
123 22
123 9
123 13
123 89
123 69
123 17
123 102
123 1
123 7
123 34
123 27
123 68
123 56
123 79
123 146
123 84
123 135
123 33
123 38
123 145
123 39
123 98
123 83
124 141
124 138
124 51
124 15
124 22
124 9
124 13
124 89
124 69
124 120
124 1
124 7
124 34
124 27
124 68
124 56
124 79
124 146
124 84
124 135
124 33
124 38
124 145
124 39
124 43
124 19
124 70
124 122
124 11
124 105
124 14
124 133
124 6
124 25
124 42
124 125
124 52
124 140
124 63
124 142
124 97
124 55
124 90
124 88
124 62
124 94
125 126
125 91
125 148
125 93
125 60
125 89
125 34
125 141
125 113
125 99
125 63
125 51
125 81
125 131
125 31
125 38
125 14
125 12
125 42
125 88
125 47
125 16
125 110
125 32
125 59
125 44
125 100
125 55
125 117
125 7
125 26
125 139
125 80
125 116
125 28
125 127
125 107
125 4
125 19
125 46
125 114
125 66
125 43
125 68
125 122
125 27
125 11
125 105
125 133
125 6
125 25
125 52
125 140
125 142
125 97
125 77
125 90
125 124
125 62
125 94
125 83
126 91
126 148
126 60
126 89
126 34
126 141
126 113
126 99
126 63
126 51
126 31
126 125
126 38
126 12
126 42
126 88
126 47
126 16
126 139
126 59
126 65
126 93
126 69
126 11
126 131
126 147
126 54
126 45
126 8
126 29
126 40
126 10
126 15
126 136
126 24
126 146
126 73
126 55
126 105
126 90
126 62
126 80
126 114
126 13
126 101
126 77
126 138
126 81
126 108
126 119
126 112
126 41
126 33
126 66
126 22
126 26
126 98
126 83
127 115
127 71
127 102
127 93
127 119
127 147
127 18
127 53
127 78
127 36
127 139
127 15
127 121
127 29
127 79
127 3
127 143
127 67
127 95
127 148
127 134
127 6
127 0
127 34
127 14
127 110
127 113
127 32
127 59
127 122
127 100
127 16
127 117
127 7
127 26
127 80
127 116
127 28
127 125
127 107
127 4
127 19
127 46
127 47
127 45
127 66
127 98
128 139
128 112
128 40
128 95
128 111
128 86
128 39
128 144
128 70
128 32
128 17
128 56
128 142
128 10
128 8
128 103
128 36
128 109
128 3
129 134
129 19
129 120
129 47
129 44
129 86
129 98
129 96
129 89
129 90
129 54
129 135
129 85
129 62
129 107
129 141
129 36
129 132
129 97
129 142
129 83
130 71
130 102
130 93
130 119
130 147
130 56
130 18
130 53
130 78
130 36
130 139
130 15
130 121
130 29
130 3
130 143
130 67
130 95
130 148
130 134
130 6
130 0
130 98
130 83
131 91
131 148
131 93
131 60
131 89
131 141
131 113
131 99
131 63
131 51
131 81
131 31
131 125
131 14
131 12
131 42
131 88
131 47
131 16
131 139
131 46
131 59
131 65
131 98
131 69
131 11
131 126
131 147
131 54
131 45
131 8
131 29
131 40
131 10
131 15
131 136
131 24
131 146
131 73
132 86
132 18
132 110
132 111
132 34
132 92
132 81
132 112
132 83
132 6
132 59
132 141
132 139
132 40
132 65
132 50
132 101
132 133
132 103
132 19
132 120
132 47
132 98
132 96
132 89
132 90
132 129
132 54
132 135
132 85
132 62
132 107
132 36
132 97
132 142
133 86
133 18
133 110
133 67
133 111
133 132
133 34
133 92
133 81
133 112
133 83
133 6
133 59
133 141
133 139
133 27
133 40
133 65
133 50
133 101
133 43
133 68
133 19
133 70
133 122
133 11
133 105
133 14
133 10
133 25
133 42
133 125
133 52
133 140
133 63
133 142
133 97
133 77
133 55
133 90
133 88
133 124
133 146
133 62
133 98
134 115
134 71
134 102
134 93
134 119
134 147
134 56
134 18
134 53
134 78
134 36
134 139
134 15
134 121
134 29
134 79
134 3
134 143
134 127
134 67
134 95
134 130
134 6
134 0
134 103
134 19
134 120
134 47
134 44
134 86
134 98
134 96
134 89
134 90
134 129
134 54
134 135
134 62
134 107
134 141
134 97
134 83
135 103
135 134
135 19
135 120
135 47
135 44
135 98
135 96
135 89
135 90
135 129
135 54
135 85
135 62
135 107
135 141
135 36
135 132
135 97
135 142
135 138
135 51
135 15
135 22
135 9
135 13
135 69
135 17
135 102
135 1
135 7
135 34
135 27
135 119
135 68
135 56
135 84
135 33
135 38
135 145
135 39
135 123
135 124
136 139
136 91
136 46
136 59
136 65
136 98
136 93
136 69
136 12
136 11
136 126
136 131
136 147
136 113
136 54
136 45
136 29
136 40
136 10
136 15
136 24
136 146
136 73
136 55
137 83
138 141
138 51
138 15
138 22
138 9
138 13
138 89
138 69
138 102
138 120
138 1
138 7
138 34
138 27
138 119
138 68
138 56
138 79
138 146
138 84
138 135
138 38
138 145
138 39
138 123
138 124
138 105
138 91
138 62
138 80
138 114
138 101
138 77
138 81
138 108
138 126
138 73
138 112
138 41
138 99
138 93
138 33
138 66
138 16
138 26
139 18
139 110
139 67
139 111
139 132
139 34
139 92
139 81
139 112
139 83
139 6
139 59
139 141
139 27
139 40
139 65
139 50
139 101
139 133
139 46
139 98
139 93
139 69
139 12
139 11
139 126
139 131
139 147
139 113
139 54
139 45
139 8
139 29
139 10
139 15
139 136
139 24
139 146
139 73
139 55
139 115
139 71
139 102
139 119
139 56
139 53
139 78
139 36
139 121
139 79
139 3
139 143
139 127
139 95
139 130
139 148
139 134
139 0
139 128
139 7
139 86
139 39
139 144
139 70
139 17
139 142
139 103
139 109
139 61
139 14
139 32
139 122
139 44
139 100
139 16
139 117
139 26
139 80
139 116
139 28
139 125
139 107
139 4
139 19
139 47
139 114
139 66
140 43
140 68
140 19
140 70
140 122
140 27
140 11
140 105
140 14
140 133
140 6
140 10
140 25
140 42
140 125
140 52
140 63
140 142
140 97
140 77
140 55
140 90
140 88
140 124
140 146
140 62
140 94
141 126
141 91
141 148
141 93
141 60
141 89
141 34
141 113
141 99
141 63
141 51
141 81
141 131
141 31
141 125
141 38
141 14
141 12
141 42
141 88
141 47
141 16
141 18
141 110
141 67
141 111
141 132
141 92
141 112
141 83
141 6
141 59
141 139
141 27
141 40
141 50
141 101
141 133
141 103
141 134
141 19
141 120
141 86
141 98
141 96
141 90
141 129
141 54
141 135
141 85
141 62
141 36
141 97
141 142
141 138
141 15
141 22
141 9
141 13
141 69
141 17
141 102
141 1
141 7
141 119
141 68
141 56
141 79
141 145
141 39
141 123
141 124
141 105
141 80
141 77
141 108
141 73
141 41
141 33
141 66
141 26
142 103
142 120
142 47
142 44
142 86
142 98
142 96
142 89
142 90
142 129
142 54
142 135
142 85
142 62
142 107
142 141
142 36
142 132
142 97
142 139
142 112
142 128
142 7
142 40
142 95
142 111
142 39
142 144
142 70
142 32
142 17
142 56
142 10
142 8
142 3
142 61
142 43
142 68
142 19
142 122
142 27
142 11
142 105
142 14
142 133
142 25
142 42
142 125
142 52
142 140
142 63
142 51
142 77
142 55
142 88
142 124
142 146
143 115
143 71
143 93
143 119
143 56
143 18
143 53
143 36
143 139
143 121
143 29
143 79
143 3
143 127
143 95
143 130
143 148
143 134
143 6
143 0
143 34
143 110
143 113
143 32
143 59
143 122
143 100
143 55
143 16
143 117
143 7
143 26
143 80
143 116
143 28
143 107
143 4
143 19
143 46
143 47
143 45
143 114
143 66
144 139
144 112
144 128
144 7
144 40
144 95
144 111
144 86
144 39
144 70
144 32
144 17
144 56
144 142
144 10
144 8
144 103
144 36
144 109
144 3
144 61
144 98
145 141
145 138
145 51
145 15
145 22
145 13
145 89
145 102
145 120
145 1
145 7
145 34
145 27
145 119
145 68
145 56
145 79
145 146
145 84
145 135
145 33
145 38
145 39
145 123
145 124
145 98
145 83
146 139
146 91
146 46
146 59
146 65
146 98
146 93
146 69
146 12
146 11
146 126
146 131
146 147
146 54
146 45
146 8
146 29
146 40
146 10
146 15
146 136
146 24
146 73
146 55
146 138
146 51
146 22
146 13
146 89
146 17
146 102
146 120
146 1
146 7
146 34
146 119
146 68
146 84
146 33
146 38
146 145
146 39
146 123
146 124
146 43
146 70
146 122
146 27
146 105
146 14
146 133
146 6
146 25
146 42
146 52
146 140
146 142
146 97
146 77
146 90
146 62
146 94
147 139
147 91
147 46
147 59
147 65
147 93
147 69
147 12
147 11
147 126
147 131
147 113
147 54
147 45
147 8
147 40
147 10
147 15
147 136
147 24
147 146
147 73
147 55
147 115
147 71
147 102
147 119
147 56
147 18
147 53
147 78
147 36
147 121
147 29
147 79
147 3
147 127
147 67
147 95
147 130
147 148
147 134
147 6
147 0
147 98
147 83
148 126
148 91
148 93
148 60
148 34
148 141
148 113
148 99
148 63
148 51
148 81
148 131
148 31
148 125
148 38
148 14
148 12
148 42
148 88
148 47
148 16
148 115
148 71
148 119
148 147
148 56
148 18
148 53
148 78
148 36
148 139
148 15
148 121
148 29
148 79
148 3
148 143
148 127
148 67
148 95
148 130
148 6
148 0
148 98
148 83
149 98
149 83
