0 1
0 2
0 3
0 11
0 37
0 40
0 48
0 23
0 49
0 12
0 19
0 44
0 17
0 34
0 22
0 20
0 9
0 14
0 33
0 7
0 6
0 4
0 27
0 28
0 31
0 24
0 29
0 15
0 45
0 32
0 10
0 47
0 13
0 36
0 25
0 16
0 38
0 5
0 8
0 46
1 0
1 4
1 5
1 7
1 32
1 19
1 27
1 12
1 35
1 24
1 26
1 48
1 46
1 9
1 15
1 16
1 11
1 49
1 10
1 45
1 2
1 25
1 14
1 22
1 18
1 37
1 13
1 6
1 39
1 17
1 47
1 38
1 40
2 0
2 8
2 18
2 20
2 22
2 25
2 35
2 17
2 9
2 26
2 12
2 10
2 7
2 39
2 3
2 34
2 14
2 31
2 13
2 45
2 47
2 1
2 44
2 11
2 16
2 24
2 41
2 21
2 5
2 4
2 27
2 38
2 48
2 6
2 33
2 49
2 46
2 32
2 37
3 0
3 47
3 48
3 14
3 2
3 24
3 23
3 28
3 33
3 13
3 29
3 7
3 17
3 35
3 44
3 4
3 12
3 49
3 36
3 22
3 34
3 39
3 10
3 46
3 26
4 1
4 6
4 14
4 15
4 31
4 19
4 12
4 41
4 10
4 17
4 49
4 45
4 16
4 27
4 36
4 9
4 7
4 23
4 28
4 38
4 0
4 20
4 32
4 26
4 11
4 13
4 44
4 39
4 33
4 5
4 24
4 3
4 34
4 2
4 37
4 18
5 1
5 28
5 7
5 14
5 9
5 27
5 36
5 4
5 8
5 16
5 2
5 0
5 39
5 19
5 47
5 33
6 4
6 33
6 13
6 26
6 0
6 17
6 7
6 19
6 35
6 48
6 36
6 1
6 2
6 18
6 47
6 44
6 41
6 12
6 15
6 46
6 24
6 31
6 11
6 14
6 45
7 1
7 9
7 16
7 36
7 43
7 49
7 45
7 5
7 2
7 28
7 35
7 17
7 23
7 0
7 4
7 27
7 14
7 31
7 22
7 26
7 34
7 12
7 19
7 3
7 24
7 6
7 13
7 33
7 44
7 29
7 11
7 8
7 47
7 46
7 15
7 32
7 18
8 2
8 5
8 19
8 26
8 32
8 20
8 7
8 27
8 9
8 0
9 7
9 10
9 12
9 13
9 17
9 21
9 27
9 2
9 26
9 16
9 5
9 22
9 0
9 14
9 34
9 4
9 31
9 33
9 1
9 29
9 25
9 36
9 24
9 18
9 19
9 45
9 23
9 49
9 32
9 15
9 46
9 44
9 11
9 48
9 39
9 8
9 20
10 9
10 4
10 17
10 2
10 48
10 16
10 49
10 29
10 34
10 25
10 1
10 27
10 36
10 11
10 45
10 26
10 0
10 22
10 38
10 14
10 39
10 3
10 23
10 12
11 0
11 13
11 32
11 1
11 17
11 14
11 10
11 2
11 36
11 4
11 46
11 47
11 19
11 12
11 16
11 20
11 27
11 25
11 7
11 18
11 34
11 9
11 45
11 37
11 24
11 31
11 6
11 44
12 9
12 24
12 44
12 4
12 1
12 14
12 2
12 19
12 0
12 47
12 46
12 25
12 20
12 29
12 15
12 18
12 38
12 23
12 45
12 7
12 48
12 17
12 22
12 36
12 26
12 11
12 33
12 49
12 3
12 35
12 34
12 39
12 32
12 6
12 10
12 37
13 9
13 11
13 6
13 15
13 44
13 17
13 2
13 3
13 4
13 27
13 14
13 26
13 45
13 7
13 48
13 33
13 31
13 1
13 0
13 24
13 19
13 18
13 49
13 47
13 22
13 32
13 36
13 38
13 43
13 46
13 35
14 4
14 38
14 39
14 19
14 12
14 17
14 5
14 3
14 18
14 34
14 0
14 9
14 20
14 2
14 48
14 7
14 24
14 16
14 29
14 11
14 49
14 1
14 15
14 13
14 26
14 44
14 31
14 47
14 27
14 36
14 46
14 6
14 35
14 10
14 23
15 4
15 13
15 12
15 1
15 14
15 0
15 20
15 19
15 33
15 23
15 9
15 49
15 37
15 35
15 41
15 31
15 39
15 36
15 7
15 22
15 25
15 6
16 7
16 25
16 10
16 27
16 9
16 4
16 19
16 22
16 46
16 1
16 14
16 45
16 36
16 18
16 2
16 17
16 31
16 11
16 5
16 0
16 24
16 49
16 39
16 44
16 20
17 9
17 19
17 29
17 30
17 26
17 2
17 10
17 49
17 14
17 4
17 0
17 36
17 7
17 46
17 13
17 31
17 11
17 27
17 6
17 3
17 12
17 34
17 18
17 16
17 25
17 47
17 20
17 38
17 1
17 39
17 48
17 23
18 2
18 23
18 26
18 49
18 14
18 24
18 12
18 39
18 9
18 25
18 34
18 1
18 27
18 16
18 31
18 17
18 36
18 19
18 13
18 48
18 45
18 11
18 6
18 44
18 35
18 7
18 32
18 37
18 4
19 17
19 4
19 1
19 14
19 12
19 0
19 27
19 25
19 16
19 20
19 31
19 34
19 48
19 7
19 41
19 36
19 9
19 11
19 6
19 15
19 26
19 45
19 39
19 18
19 44
19 8
19 13
19 47
19 33
19 28
19 35
19 5
19 46
19 24
20 2
20 26
20 34
20 0
20 19
20 14
20 12
20 39
20 4
20 15
20 33
20 46
20 11
20 17
20 8
20 28
20 48
20 22
20 24
20 16
20 9
20 23
21 9
21 2
22 2
22 9
22 0
22 16
22 7
22 36
22 25
22 41
22 48
22 35
22 1
22 12
22 33
22 10
22 45
22 3
22 37
22 20
22 46
22 13
22 15
23 18
23 0
23 7
23 36
23 3
23 4
23 31
23 12
23 49
23 9
23 15
23 24
23 39
23 33
23 20
23 14
23 34
23 10
23 46
23 26
23 17
24 12
24 28
24 1
24 36
24 3
24 33
24 18
24 14
24 9
24 0
24 46
24 45
24 7
24 2
24 27
24 4
24 48
24 13
24 39
24 25
24 38
24 31
24 16
24 20
24 23
24 26
24 34
24 29
24 19
24 6
24 11
24 35
24 44
24 47
25 2
25 16
25 26
25 27
25 19
25 31
25 12
25 48
25 9
25 10
25 22
25 1
25 18
25 47
25 45
25 36
25 28
25 17
25 0
25 24
25 44
25 11
25 49
25 15
26 18
26 20
26 17
26 25
26 49
26 9
26 2
26 1
26 34
26 27
26 35
26 6
26 36
26 7
26 39
26 29
26 4
26 33
26 10
26 38
26 13
26 14
26 19
26 12
26 47
26 8
26 44
26 31
26 24
26 3
26 23
26 45
26 32
26 37
27 9
27 42
27 1
27 19
27 25
27 26
27 16
27 45
27 28
27 4
27 44
27 7
27 0
27 10
27 5
27 17
27 36
27 34
27 13
27 18
27 33
27 24
27 49
27 2
27 11
27 8
27 48
27 14
27 37
28 24
28 5
28 7
28 27
28 4
28 3
28 46
28 0
28 25
28 44
28 31
28 20
28 38
28 19
28 39
29 17
29 9
29 12
29 10
29 26
29 14
29 3
29 0
29 35
29 31
29 7
29 48
29 24
30 17
31 4
31 33
31 39
31 19
31 25
31 17
31 2
31 9
31 7
31 23
31 0
31 36
31 18
31 14
31 13
31 16
31 29
31 41
31 28
31 15
31 24
31 34
31 48
31 45
31 26
31 37
31 46
31 6
31 11
31 35
31 44
32 1
32 34
32 11
32 4
32 0
32 9
32 47
32 8
32 12
32 13
32 2
32 45
32 7
32 26
32 37
32 18
33 31
33 6
33 34
33 0
33 24
33 9
33 47
33 49
33 3
33 26
33 20
33 22
33 4
33 27
33 7
33 15
33 44
33 13
33 12
33 45
33 19
33 2
33 35
33 23
33 5
34 32
34 41
34 45
34 46
34 35
34 20
34 26
34 0
34 33
34 2
34 14
34 9
34 7
34 19
34 10
34 49
34 18
34 27
34 17
34 47
34 4
34 12
34 31
34 11
34 37
34 39
34 24
34 3
34 23
35 2
35 34
35 1
35 7
35 26
35 36
35 49
35 22
35 3
35 29
35 6
35 15
35 12
35 48
35 19
35 37
35 33
35 18
35 46
35 24
35 31
35 14
35 45
35 44
35 47
35 13
36 7
36 17
36 24
36 4
36 35
36 23
36 47
36 26
36 9
36 38
36 22
36 10
36 5
36 27
36 11
36 25
36 16
36 31
36 12
36 19
36 44
36 46
36 18
36 48
36 6
36 0
36 3
36 15
36 13
36 14
37 0
37 47
37 1
37 15
37 34
37 22
37 39
37 35
37 27
37 11
37 31
37 2
37 12
37 45
37 32
37 26
37 18
37 4
38 14
38 4
38 12
38 36
38 26
38 49
38 24
38 2
38 17
38 0
38 28
38 10
38 13
38 1
39 31
39 14
39 49
39 2
39 20
39 26
39 18
39 4
39 48
39 19
39 24
39 12
39 43
39 15
39 1
39 37
39 16
39 34
39 17
39 9
39 5
39 23
39 28
39 10
39 3
39 46
40 0
40 1
41 34
41 4
41 49
41 45
41 22
41 19
41 2
41 46
41 15
41 31
41 6
42 27
43 7
43 49
43 39
43 13
43 44
44 12
44 0
44 13
44 27
44 2
44 4
44 3
44 14
44 36
44 48
44 49
44 33
44 28
44 19
44 26
44 7
44 9
44 25
44 18
44 45
44 16
44 6
44 47
44 43
44 24
44 31
44 11
44 35
45 34
45 7
45 4
45 27
45 41
45 48
45 2
45 12
45 1
45 24
45 16
45 25
45 10
45 13
45 0
45 9
45 19
45 46
45 33
45 22
45 18
45 31
45 44
45 11
45 47
45 6
45 35
45 32
45 26
45 37
46 34
46 12
46 17
46 48
46 1
46 16
46 28
46 24
46 11
46 36
46 41
46 45
46 20
46 9
46 7
46 22
46 2
46 19
46 31
46 6
46 14
46 35
46 47
46 13
46 39
46 3
46 23
46 0
47 3
47 12
47 36
47 33
47 37
47 2
47 25
47 11
47 26
47 32
47 34
47 14
47 0
47 17
47 19
47 13
47 7
47 6
47 1
47 44
47 45
47 5
47 46
47 24
47 35
48 0
48 3
48 10
48 1
48 46
48 25
48 45
48 14
48 19
48 12
48 22
48 13
48 44
48 6
48 24
48 39
48 36
48 18
48 49
48 2
48 20
48 35
48 31
48 29
48 27
48 9
48 17
49 7
49 0
49 39
49 26
49 17
49 4
49 41
49 10
49 18
49 1
49 35
49 33
49 14
49 34
49 38
49 27
49 23
49 9
49 44
49 15
49 43
49 12
49 48
49 13
49 3
49 2
49 16
49 25
